89
ERR14108382 0.000000000 0.001027340 0.001107673 0.001068296 0.001149346 0.000991512 0.001251924 0.001994495 0.000780908 0.001328337 0.003516353 0.004165299 0.003046822 0.003356163 0.005607939 0.005227412 0.006015420 0.005830870 0.006121778 0.006115399 0.005829950 0.005854350 0.005629125 0.006294977 0.005902057 0.005956477 0.006127131 0.002938613 0.002784629 0.005617749 0.005182848 0.004384935 0.006358672 0.006227084 0.006255894 0.004995015 0.006099933 0.006015641 0.005776379 0.005909486 0.006475088 0.040084659 0.023116388 0.022901867 0.022459582 0.021992880 0.022534825 0.021160772 0.022335987 0.022674909 0.022522698 0.022899327 0.022596715 0.022156020 0.022616487 0.023312329 0.023890451 0.002906487 0.000823975 0.005800142 0.006694666 0.019260345 0.022843811 0.024735133 0.042512293 0.022769711 0.022317683 0.022405897 0.022121521 0.021891340 0.021972537 0.020878025 0.022388005 0.022172942 0.021858383 0.021311111 0.021254082 0.022180627 0.022317900 0.022111272 0.022327009 0.022215837 0.021348398 0.021822438 0.021420115 0.022405573 0.021541500 0.021835975 0.039975586 
ERR14108383 0.001027340 0.000000000 0.000762104 0.001301474 0.001182690 0.001091771 0.001225220 0.001915201 0.000710133 0.001752912 0.002945396 0.003639231 0.002869480 0.002893957 0.004898653 0.005038468 0.005658352 0.005621571 0.005909422 0.005465331 0.005061546 0.005412267 0.005144689 0.005380894 0.005502604 0.005519131 0.005638656 0.002555070 0.002251076 0.005076855 0.004590901 0.003802690 0.005749231 0.005841692 0.005620406 0.004475491 0.005505424 0.005269971 0.005099564 0.005542293 0.005615546 0.038961995 0.022190209 0.022419403 0.021426800 0.020427027 0.021338632 0.019494112 0.021186698 0.021884787 0.021342239 0.021567573 0.021116642 0.021213773 0.021265516 0.021923452 0.022811971 0.002787486 0.001633316 0.005485828 0.005973152 0.016882073 0.021135897 0.023245217 0.041876612 0.021749788 0.021441398 0.021289505 0.021090165 0.021264241 0.020649701 0.020131624 0.020795699 0.021021023 0.020272123 0.020145623 0.020754127 0.020225141 0.021181928 0.021280697 0.020880432 0.020507211 0.020386134 0.020517430 0.020678604 0.021094471 0.020214588 0.020237789 0.038777071 
ERR14108384 0.001107673 0.000762104 0.000000000 0.001105505 0.001281189 0.001193436 0.001329612 0.001886617 0.000845506 0.001585920 0.002972226 0.003613790 0.002708653 0.002827897 0.004541067 0.004776199 0.004830126 0.005336702 0.005047772 0.004986656 0.005197352 0.004822458 0.004781402 0.005334444 0.005200758 0.004915181 0.005094632 0.002706534 0.002566938 0.004667955 0.004314930 0.003726253 0.005567212 0.005473998 0.005315850 0.004284509 0.005333712 0.005017364 0.004741862 0.005059467 0.005447607 0.036937794 0.021149838 0.020748762 0.020368717 0.020065549 0.020374051 0.019369731 0.020369617 0.020675203 0.020421204 0.020845891 0.020525110 0.020345488 0.020864426 0.021337606 0.021650198 0.002593262 0.001244553 0.005066453 0.005791853 0.017174357 0.020500964 0.021814740 0.037622669 0.020650867 0.019879770 0.020289863 0.019855251 0.019703116 0.019884900 0.019016856 0.019911764 0.020010910 0.019238572 0.019272211 0.019636672 0.020039232 0.020203336 0.020084372 0.020173364 0.020318099 0.019558962 0.019828493 0.019360876 0.020268487 0.019481192 0.020074103 0.037231809 
ERR14108385 0.001068296 0.001301474 0.001105505 0.000000000 0.001257976 0.000961219 0.001335364 0.001731614 0.001011353 0.000923299 0.002673253 0.003245839 0.002889091 0.002646501 0.005178385 0.005142147 0.005663270 0.005294824 0.005815557 0.005638226 0.005408729 0.005475169 0.005406000 0.005582045 0.005323294 0.005457552 0.005704577 0.002807711 0.002598931 0.005239634 0.004776726 0.004282106 0.005930731 0.006049471 0.005929331 0.004739363 0.005754770 0.005467079 0.005208945 0.005563248 0.005851964 0.037751228 0.022159503 0.022067361 0.021542893 0.020962005 0.021531557 0.020405888 0.021395149 0.021845020 0.021617322 0.021790535 0.021596792 0.021454711 0.021943104 0.022495070 0.023104487 0.002507795 0.001050806 0.005526816 0.006012298 0.018177452 0.021665644 0.023261382 0.040057026 0.022029162 0.021212705 0.021338780 0.020828824 0.020777282 0.020828548 0.019991780 0.021355503 0.020810479 0.020639116 0.020487182 0.020484297 0.020974828 0.021347163 0.021237777 0.021088687 0.021172212 0.020629100 0.020992620 0.020721725 0.021604182 0.020432620 0.020690991 0.037832612 
ERR14108386 0.001149346 0.001182690 0.001281189 0.001257976 0.000000000 0.001154968 0.000957366 0.001936608 0.001038794 0.001459478 0.003231603 0.003765268 0.002811612 0.003243298 0.005412653 0.005076246 0.005891721 0.005614756 0.005922904 0.005777798 0.005302856 0.005446375 0.005196673 0.005730579 0.005296500 0.005621403 0.005756180 0.002727462 0.002549476 0.005165626 0.004739593 0.004248655 0.006092053 0.005648224 0.005927409 0.004705825 0.005778706 0.005696696 0.005297183 0.005547144 0.005934255 0.039057063 0.022828018 0.022473527 0.022039556 0.021304545 0.021817719 0.020597973 0.021859244 0.022238554 0.021986632 0.022202432 0.022133320 0.021884090 0.022252771 0.022904140 0.023505613 0.002729576 0.000971401 0.005570675 0.006230047 0.018666939 0.022135109 0.024051879 0.041281629 0.022047602 0.021671931 0.021974587 0.021455303 0.021202723 0.021266434 0.020428667 0.021935056 0.021631050 0.021106273 0.020604578 0.020798610 0.021542619 0.021962807 0.021665685 0.021803241 0.021616879 0.020786428 0.021082875 0.020966185 0.022079427 0.020849316 0.021310851 0.038776136 
ERR14108387 0.000991512 0.001091771 0.001193436 0.000961219 0.001154968 0.000000000 0.001387398 0.001549136 0.000786041 0.001390310 0.002775890 0.003354742 0.002405100 0.002820169 0.005513539 0.004596607 0.005380530 0.005544530 0.005329327 0.005082920 0.004825960 0.005056017 0.004968346 0.005090719 0.005205564 0.005109842 0.005431586 0.002498693 0.002172408 0.004777157 0.004481046 0.004089330 0.005855270 0.005508670 0.005901727 0.004504200 0.005108245 0.005096550 0.004764869 0.005321108 0.005012650 0.038474968 0.021320862 0.020972538 0.020672880 0.019614917 0.020385242 0.019199526 0.020983430 0.021761761 0.021298449 0.020961013 0.020992108 0.020697725 0.021012810 0.021634342 0.023020767 0.002434533 0.001853143 0.005191867 0.005864755 0.016681972 0.020778070 0.023266659 0.039609361 0.021267995 0.020352737 0.020506476 0.020023150 0.020332582 0.020722681 0.019799113 0.020203630 0.020620726 0.019871340 0.020225792 0.020260813 0.019776532 0.021120734 0.021030055 0.020832486 0.020530009 0.020218220 0.020467106 0.020661201 0.020929801 0.019458477 0.019766430 0.038808477 
ERR14108388 0.001251924 0.001225220 0.001329612 0.001335364 0.000957366 0.001387398 0.000000000 0.002043352 0.001000889 0.001634220 0.003325305 0.003925050 0.002816993 0.003180306 0.005265030 0.005131158 0.005780194 0.005782985 0.005900274 0.005717643 0.005484143 0.005456372 0.005363052 0.005564395 0.005103377 0.005564500 0.005736604 0.002929289 0.002536375 0.005247758 0.004713911 0.004184842 0.006027431 0.005756168 0.005943488 0.004689817 0.005734908 0.005568477 0.005174658 0.005596300 0.005964622 0.039473992 0.022468744 0.022563411 0.021540836 0.021287615 0.022161169 0.020693257 0.021783452 0.022473630 0.022028889 0.022207129 0.022085921 0.022135124 0.022488601 0.022962527 0.023894971 0.002759173 0.001167125 0.005601568 0.006207212 0.018390499 0.022024575 0.024197274 0.040992669 0.022718910 0.021653809 0.022046864 0.021803769 0.021468283 0.021607263 0.020509084 0.021888624 0.021902948 0.021242654 0.021529780 0.021196256 0.021517669 0.022288878 0.021854792 0.021797260 0.021829093 0.021470148 0.021638953 0.021149788 0.021994227 0.021056063 0.021492266 0.039429355 
ERR14108389 0.001994495 0.001915201 0.001886617 0.001731614 0.001936608 0.001549136 0.002043352 0.000000000 0.001869725 0.001773307 0.002010465 0.002503931 0.001267764 0.002522605 0.003716729 0.003810683 0.004572549 0.004323151 0.003931983 0.003905250 0.003880288 0.003766856 0.003519172 0.004262854 0.003885139 0.004030967 0.004137289 0.001600913 0.001514654 0.003818420 0.003316878 0.003493279 0.004347258 0.004506672 0.004233495 0.003759198 0.004240964 0.003825983 0.003860617 0.004060877 0.004358821 0.037239190 0.020088031 0.019991753 0.019061014 0.018713228 0.019566865 0.017859752 0.019605194 0.019887090 0.019395374 0.019544189 0.019635002 0.019085891 0.019406859 0.019750920 0.020904034 0.001316264 0.001239072 0.004097326 0.004560779 0.016533492 0.019497256 0.021378385 0.038861952 0.019582968 0.019103504 0.019442538 0.019150553 0.019119916 0.019455201 0.018315033 0.019223480 0.019441885 0.018939396 0.018481224 0.018761579 0.018788047 0.019422223 0.019533887 0.019074709 0.018872409 0.018815092 0.018980572 0.019054809 0.019342460 0.018461490 0.018672078 0.037281767 
ERR14108390 0.000780908 0.000710133 0.000845506 0.001011353 0.001038794 0.000786041 0.001000889 0.001869725 0.000000000 0.001492313 0.003310597 0.003887836 0.002815881 0.003144729 0.004857491 0.004946016 0.005444014 0.005424571 0.005804192 0.005452700 0.005344041 0.005151294 0.005054186 0.005428741 0.004681478 0.005565914 0.005726670 0.002810615 0.002495789 0.005222136 0.004706942 0.003974022 0.005679660 0.005858865 0.006134899 0.004653636 0.005605026 0.005293247 0.004867725 0.005386815 0.005768322 0.037239224 0.020701044 0.020750001 0.019929014 0.019614424 0.019736562 0.019120499 0.019966026 0.020704136 0.020544713 0.020315558 0.020117985 0.020593273 0.020298518 0.020784025 0.021923153 0.002600921 0.001085038 0.005563390 0.006180963 0.017534052 0.020331697 0.022095742 0.039114344 0.020553023 0.020203377 0.019983420 0.020162971 0.020116690 0.019724489 0.019244336 0.020112964 0.019997468 0.019632137 0.019650562 0.019940109 0.019838720 0.019863672 0.020059359 0.020168645 0.020122558 0.019247807 0.019811795 0.019476011 0.020132676 0.019256712 0.019288980 0.037200808 
ERR14108391 0.001328337 0.001752912 0.001585920 0.000923299 0.001459478 0.001390310 0.001634220 0.001773307 0.001492313 0.000000000 0.001833803 0.002136941 0.002320209 0.001767114 0.005085006 0.004745360 0.005403663 0.005259789 0.005364601 0.005331507 0.005227772 0.005119829 0.004925992 0.005510555 0.005453277 0.005298535 0.005403725 0.002643789 0.002335081 0.004958293 0.004635761 0.004090261 0.005812631 0.005509808 0.005587851 0.004504315 0.005470832 0.005262151 0.005030143 0.005062957 0.005546031 0.037047898 0.021527804 0.021371735 0.020770698 0.020273566 0.020817077 0.019724527 0.020977081 0.021361591 0.021127363 0.021284939 0.021007335 0.021051951 0.021436362 0.021846721 0.022210171 0.002217028 0.001621660 0.005140440 0.005892282 0.017990635 0.021074600 0.022784610 0.039315193 0.021249485 0.020562760 0.020837058 0.020267607 0.020257939 0.020632365 0.019821972 0.020656777 0.020352449 0.020427805 0.020080012 0.020397719 0.020506269 0.021038471 0.021109583 0.020819165 0.020712222 0.019996234 0.020465728 0.020562305 0.020877071 0.020141399 0.020259509 0.036878993 
ERR14108392 0.003516353 0.002945396 0.002972226 0.002673253 0.003231603 0.002775890 0.003325305 0.002010465 0.003310597 0.001833803 0.000000000 0.000207360 0.001868198 0.000628098 0.004907966 0.004968905 0.005550683 0.005421434 0.005432399 0.005402770 0.004767012 0.005209636 0.004921931 0.005120877 0.005249744 0.005192092 0.005448740 0.002729230 0.002444628 0.004875857 0.004774032 0.004696875 0.005906164 0.005831481 0.005951513 0.004993681 0.005861413 0.005265668 0.004664539 0.004794339 0.005366655 0.039450212 0.022350094 0.022315787 0.021643658 0.021007600 0.021814238 0.020628317 0.021591834 0.022161926 0.021732086 0.022083138 0.021883727 0.021664505 0.022166151 0.022816602 0.023247637 0.001206745 0.002117802 0.005335613 0.005826911 0.018559442 0.021911484 0.023900710 0.042032814 0.022218835 0.021405812 0.021681220 0.021188407 0.021148482 0.021321740 0.020062309 0.021574143 0.021413075 0.021009272 0.020670761 0.021022300 0.021283997 0.021898555 0.021810161 0.021682522 0.021340604 0.020932542 0.021554055 0.021029028 0.021807730 0.021009285 0.020924889 0.039190218 
ERR14108393 0.004165299 0.003639231 0.003613790 0.003245839 0.003765268 0.003354742 0.003925050 0.002503931 0.003887836 0.002136941 0.000207360 0.000000000 0.002452801 0.000757306 0.005676167 0.005550632 0.006017695 0.005969244 0.005918590 0.005931467 0.005340685 0.005626541 0.005407267 0.005701983 0.005579845 0.005706633 0.006046844 0.003349201 0.003073699 0.005302874 0.005208178 0.005229265 0.006451982 0.006426152 0.006522632 0.005431488 0.006401551 0.005833291 0.005236128 0.005328024 0.005862926 0.039989816 0.022942893 0.022774357 0.022429526 0.021818426 0.022432546 0.020973517 0.022422492 0.022815582 0.022466704 0.022784583 0.022483858 0.022273840 0.022786693 0.023336374 0.023845078 0.001566223 0.002182266 0.005900740 0.006580719 0.019083340 0.022550470 0.024463503 0.042942240 0.022637724 0.022078834 0.022251540 0.021804085 0.021672355 0.021604024 0.020742436 0.021950415 0.021920501 0.021590981 0.021141887 0.021366418 0.021854804 0.022596707 0.022501458 0.022508251 0.022124791 0.021291075 0.021816386 0.021384236 0.022184775 0.021599216 0.021576731 0.039893229 
ERR14108394 0.003046822 0.002869480 0.002708653 0.002889091 0.002811612 0.002405100 0.002816993 0.001267764 0.002815881 0.002320209 0.001868198 0.002452801 0.000000000 0.002526390 0.004624231 0.004343432 0.004967423 0.004713179 0.004770711 0.004638131 0.004679614 0.004509673 0.004379691 0.004827689 0.004662633 0.004667633 0.004802260 0.002130429 0.001986972 0.004261710 0.004074180 0.004231399 0.005336150 0.005190586 0.005331780 0.004617743 0.005205801 0.004608851 0.004401630 0.004505769 0.005106216 0.038419956 0.021873004 0.021539277 0.020954604 0.020537744 0.020966141 0.019763299 0.020991253 0.021364259 0.020997400 0.021440656 0.021234814 0.020761635 0.021337354 0.021757016 0.022639630 0.001417455 0.002392764 0.004833697 0.005545230 0.017650726 0.021365196 0.023345785 0.040022221 0.021260072 0.020861404 0.020983465 0.020625493 0.020546731 0.020711346 0.019347332 0.020833057 0.020615850 0.020428457 0.019995731 0.019935291 0.020603685 0.021183528 0.021111027 0.020924133 0.020887545 0.020120781 0.020386456 0.019966444 0.020793750 0.020251241 0.020332706 0.038071366 
ERR14108395 0.003356163 0.002893957 0.002827897 0.002646501 0.003243298 0.002820169 0.003180306 0.002522605 0.003144729 0.001767114 0.000628098 0.000757306 0.002526390 0.000000000 0.005594660 0.005426752 0.005960282 0.005996584 0.006037073 0.006042189 0.005371444 0.005564000 0.005431743 0.005722358 0.005550569 0.005763612 0.006019556 0.003273827 0.002956664 0.005473717 0.005167680 0.005116836 0.006549819 0.006357799 0.006351060 0.005479727 0.006271395 0.005797407 0.005271895 0.005210533 0.005974632 0.040251759 0.024272618 0.023728254 0.023295258 0.023095457 0.023411047 0.021911025 0.023283903 0.023668100 0.023114294 0.023591180 0.023324222 0.023130749 0.023677573 0.024137306 0.024625000 0.001892066 0.001028097 0.006141639 0.006738892 0.019268822 0.023744171 0.025216829 0.043278833 0.023305403 0.022823064 0.022937406 0.022526309 0.022422188 0.022381923 0.021331610 0.022767281 0.022704630 0.022288321 0.021759012 0.022018887 0.022630930 0.023049130 0.022893267 0.022790056 0.022556769 0.022006722 0.022444153 0.021963174 0.022806027 0.022313243 0.022324576 0.040187303 
ERR14108396 0.005607939 0.004898653 0.004541067 0.005178385 0.005412653 0.005513539 0.005265030 0.003716729 0.004857491 0.005085006 0.004907966 0.005676167 0.004624231 0.005594660 0.000000000 0.000892861 0.000991321 0.001077299 0.004138888 0.003741869 0.005036959 0.003897847 0.003631168 0.005475982 0.003568914 0.003814575 0.003811267 0.004441881 0.004521730 0.003457389 0.003206965 0.001777888 0.002051128 0.002093346 0.001972501 0.001681763 0.001821423 0.003916762 0.005165127 0.005285551 0.004339556 0.033603182 0.019846178 0.019530708 0.018755369 0.018770282 0.019359991 0.018372672 0.018980027 0.019594141 0.019112379 0.019158623 0.018934762 0.018912601 0.019206956 0.019907942 0.020216971 0.004084809 0.001292869 0.001277292 0.004317725 0.016034383 0.018978255 0.020697857 0.036959127 0.019627550 0.019186597 0.018916194 0.018639006 0.018582230 0.018833724 0.018088771 0.019237149 0.019093464 0.018219043 0.018144032 0.018174278 0.018720870 0.018979445 0.019147681 0.018886727 0.018635152 0.018100344 0.018402257 0.018828264 0.018760972 0.018649073 0.018542959 0.034090201 
ERR14108397 0.005227412 0.005038468 0.004776199 0.005142147 0.005076246 0.004596607 0.005131158 0.003810683 0.004946016 0.004745360 0.004968905 0.005550632 0.004343432 0.005426752 0.000892861 0.000000000 0.001168084 0.001271106 0.004094246 0.003895622 0.005356645 0.003850629 0.003683978 0.005432933 0.003934235 0.003848484 0.003908908 0.004416618 0.004324320 0.003290038 0.003232869 0.001865773 0.001883610 0.002052502 0.001967843 0.001746422 0.001936661 0.004043343 0.005203505 0.005289661 0.004404274 0.036492275 0.019977426 0.019534132 0.019608567 0.018770069 0.019411348 0.018399781 0.019370721 0.019729736 0.019574827 0.019798484 0.019460298 0.019425648 0.019763313 0.020416801 0.020580377 0.004269296 0.001539175 0.001294598 0.004522108 0.016044267 0.019649508 0.021428798 0.039140713 0.020003240 0.019205412 0.019272686 0.018848803 0.018851573 0.019038500 0.018006692 0.019223516 0.019175094 0.018742306 0.018500833 0.018733108 0.019084322 0.019480438 0.019310873 0.019325784 0.019136601 0.018706334 0.018993231 0.018700863 0.019389416 0.018350649 0.018735689 0.036459011 
ERR14108398 0.006015420 0.005658352 0.004830126 0.005663270 0.005891721 0.005380530 0.005780194 0.004572549 0.005444014 0.005403663 0.005550683 0.006017695 0.004967423 0.005960282 0.000991321 0.001168084 0.000000000 0.001290729 0.004511980 0.004466438 0.005895949 0.004116111 0.004098943 0.006175798 0.004326561 0.004316953 0.004338000 0.005211456 0.004997626 0.003816841 0.003474195 0.001889487 0.001973258 0.002199596 0.001987128 0.001892961 0.002024554 0.004459213 0.005834749 0.005927209 0.004992112 0.037420530 0.021324582 0.020986872 0.020572036 0.019985733 0.020648470 0.019338880 0.020423986 0.020775263 0.020600834 0.020929968 0.020617324 0.020540232 0.020802023 0.021371943 0.021655090 0.004775339 0.003075930 0.001360859 0.005099455 0.017362326 0.020771977 0.022521196 0.039530832 0.020903984 0.020180398 0.020265008 0.019615450 0.019737910 0.019684748 0.018836104 0.020121560 0.019734753 0.019362929 0.018974017 0.019170793 0.019951089 0.020489438 0.020179122 0.020325741 0.020163035 0.019352221 0.019637709 0.019407619 0.020222181 0.019413959 0.019696562 0.037364909 
ERR14108399 0.005830870 0.005621571 0.005336702 0.005294824 0.005614756 0.005544530 0.005782985 0.004323151 0.005424571 0.005259789 0.005421434 0.005969244 0.004713179 0.005996584 0.001077299 0.001271106 0.001290729 0.000000000 0.004122974 0.003909490 0.005512477 0.003935528 0.003879686 0.006019901 0.003892121 0.003869234 0.003971485 0.005122532 0.004927753 0.003691285 0.003283187 0.002122824 0.002097991 0.002421520 0.002406966 0.001988365 0.002128537 0.004395287 0.005702113 0.005851586 0.004880067 0.036361930 0.019952615 0.019751930 0.019341913 0.018898739 0.019399333 0.018448682 0.019131887 0.019635538 0.019426163 0.019736536 0.019523915 0.019308679 0.019701008 0.019784264 0.020221900 0.004565748 0.000763909 0.001467063 0.004967408 0.016335642 0.019596276 0.020854949 0.038724301 0.019425539 0.019238708 0.019129494 0.018902345 0.018899460 0.018871863 0.018233932 0.019165850 0.019043551 0.018767387 0.018354165 0.018221234 0.018730618 0.019119137 0.019080612 0.019124787 0.019095837 0.018840375 0.019042139 0.018882009 0.019082780 0.018765258 0.018642111 0.036240228 
ERR14108400 0.006121778 0.005909422 0.005047772 0.005815557 0.005922904 0.005329327 0.005900274 0.003931983 0.005804192 0.005364601 0.005432399 0.005918590 0.004770711 0.006037073 0.004138888 0.004094246 0.004511980 0.004122974 0.000000000 0.001273246 0.004957488 0.002787163 0.002789049 0.005316316 0.002301634 0.001860480 0.001909038 0.005151060 0.005260480 0.003080067 0.004411291 0.004417412 0.005032111 0.004949017 0.004812131 0.004581750 0.004948464 0.004343074 0.004970339 0.005013482 0.003262658 0.038772334 0.021828712 0.021431365 0.021333846 0.020622456 0.021344092 0.019851552 0.021317879 0.021526324 0.021418446 0.021809165 0.021542477 0.021305425 0.021683310 0.022019650 0.022863677 0.004718644 0.003524990 0.004481261 0.003259130 0.018059489 0.021572066 0.023442647 0.041090300 0.021455754 0.020788741 0.021026291 0.020508656 0.020689420 0.020515026 0.019693576 0.020879282 0.020808295 0.020379160 0.020143094 0.020261489 0.020659097 0.021525483 0.021239396 0.021229334 0.021194067 0.020362031 0.020735875 0.020449524 0.021177229 0.020333105 0.020264781 0.038591084 
ERR14108401 0.006115399 0.005465331 0.004986656 0.005638226 0.005777798 0.005082920 0.005717643 0.003905250 0.005452700 0.005331507 0.005402770 0.005931467 0.004638131 0.006042189 0.003741869 0.003895622 0.004466438 0.003909490 0.001273246 0.000000000 0.004877567 0.002686044 0.002585880 0.005212999 0.002097069 0.001601235 0.001800950 0.004992398 0.004999928 0.003007173 0.004093117 0.004316538 0.004879542 0.004778987 0.004760423 0.004417053 0.004583128 0.004094508 0.004843204 0.005076035 0.003186432 0.038654682 0.021667439 0.021363647 0.021051219 0.020648771 0.021318010 0.019745443 0.021299074 0.021498814 0.021271187 0.021791885 0.021272315 0.021043015 0.021502251 0.021847254 0.022635628 0.004613009 0.001641928 0.004319676 0.003153750 0.017802205 0.021477730 0.023325168 0.040814142 0.021291336 0.020814968 0.020942810 0.020364314 0.020435149 0.020185490 0.019573356 0.020917466 0.020641761 0.020311048 0.019725692 0.020008543 0.020585956 0.021269109 0.020940871 0.021147528 0.020718698 0.020140407 0.020549849 0.020013765 0.020805730 0.020259213 0.020309087 0.038622930 
ERR14108402 0.005829950 0.005061546 0.005197352 0.005408729 0.005302856 0.004825960 0.005484143 0.003880288 0.005344041 0.005227772 0.004767012 0.005340685 0.004679614 0.005371444 0.005036959 0.005356645 0.005895949 0.005512477 0.004957488 0.004877567 0.000000000 0.004914216 0.004764525 0.001521317 0.004007937 0.004721762 0.004797379 0.004934015 0.004737116 0.004754718 0.005095953 0.005399295 0.006127496 0.006084934 0.006095806 0.005578405 0.006144536 0.005375357 0.001694712 0.002301287 0.004821099 0.038867887 0.023049601 0.022599708 0.022364009 0.021427529 0.022138767 0.021332317 0.022161195 0.022658516 0.022356426 0.022445572 0.022318997 0.021968550 0.022584810 0.023168976 0.023881457 0.004350923 0.002236939 0.005775610 0.005391463 0.019307178 0.022183488 0.024380719 0.041763290 0.022565450 0.021846205 0.022081248 0.021675201 0.021621725 0.021577367 0.020843182 0.022105652 0.021963520 0.021197113 0.021393419 0.021186563 0.021428644 0.022309483 0.022344584 0.022054833 0.021984348 0.021437303 0.021484648 0.021094189 0.021900089 0.021358563 0.021676642 0.039062857 
ERR14108403 0.005854350 0.005412267 0.004822458 0.005475169 0.005446375 0.005056017 0.005456372 0.003766856 0.005151294 0.005119829 0.005209636 0.005626541 0.004509673 0.005564000 0.003897847 0.003850629 0.004116111 0.003935528 0.002787163 0.002686044 0.004914216 0.000000000 0.000862037 0.005107484 0.002674029 0.002390131 0.002665193 0.004673876 0.004620803 0.002935192 0.004067819 0.004130127 0.004723890 0.004802704 0.004792960 0.004331865 0.004733638 0.003258207 0.004692395 0.004795667 0.003219365 0.037429656 0.020883679 0.020690907 0.020392274 0.019749834 0.020370005 0.019156698 0.020130431 0.020657521 0.020334746 0.020788331 0.020484455 0.020468805 0.020624946 0.021191154 0.021948694 0.004295698 0.001172976 0.004227075 0.003504586 0.017018008 0.020483505 0.022412921 0.039767549 0.020667521 0.019935186 0.020088251 0.019665645 0.019811032 0.019764479 0.018828876 0.020066207 0.019853075 0.019570872 0.019304589 0.019516585 0.019671440 0.020307721 0.020343631 0.020145297 0.020208994 0.019594776 0.020095640 0.019428219 0.020257825 0.019571350 0.019453761 0.037657360 
ERR14108404 0.005629125 0.005144689 0.004781402 0.005406000 0.005196673 0.004968346 0.005363052 0.003519172 0.005054186 0.004925992 0.004921931 0.005407267 0.004379691 0.005431743 0.003631168 0.003683978 0.004098943 0.003879686 0.002789049 0.002585880 0.004764525 0.000862037 0.000000000 0.005004500 0.002408788 0.002315676 0.002554473 0.004546313 0.004475687 0.002739616 0.003891783 0.004117675 0.004575798 0.004556349 0.004733387 0.004168704 0.004515623 0.003066817 0.004574543 0.004700545 0.003166430 0.037561157 0.021209133 0.020924355 0.020451710 0.019988518 0.020326524 0.019554573 0.020338133 0.020881569 0.020565785 0.021070880 0.020605443 0.020482098 0.020641613 0.021374508 0.022217313 0.004209408 0.000515511 0.004050462 0.003344765 0.017093945 0.020624434 0.022629487 0.039727032 0.020797371 0.020138668 0.020241957 0.019861854 0.020004935 0.019993159 0.019000900 0.020224903 0.020200176 0.019756422 0.019385428 0.019722319 0.019986516 0.020493544 0.020324675 0.020360039 0.020107081 0.019657087 0.020146615 0.019668535 0.020336093 0.019430889 0.019583194 0.037406471 
ERR14108405 0.006294977 0.005380894 0.005334444 0.005582045 0.005730579 0.005090719 0.005564395 0.004262854 0.005428741 0.005510555 0.005120877 0.005701983 0.004827689 0.005722358 0.005475982 0.005432933 0.006175798 0.006019901 0.005316316 0.005212999 0.001521317 0.005107484 0.005004500 0.000000000 0.004563860 0.004850800 0.005014670 0.005180761 0.004913897 0.005003539 0.005529876 0.005714786 0.006629371 0.006557980 0.006417441 0.005915189 0.006244114 0.005703223 0.001733382 0.002479215 0.004875202 0.040540718 0.023507615 0.023230897 0.023085968 0.022293835 0.022949238 0.021901112 0.022976787 0.023205572 0.023050940 0.023338898 0.023048993 0.022766913 0.023480851 0.023646419 0.024503463 0.004848198 0.001290615 0.006160301 0.005390666 0.019913313 0.023312583 0.025403286 0.043128820 0.023226439 0.022566520 0.022957688 0.022165263 0.022495077 0.022382302 0.021445709 0.022775294 0.022727548 0.022279782 0.021699845 0.021946794 0.022616544 0.023127777 0.023022037 0.022948916 0.022710820 0.022039461 0.022309732 0.021915878 0.022836571 0.022228904 0.022392948 0.040315484 
ERR14108406 0.005902057 0.005502604 0.005200758 0.005323294 0.005296500 0.005205564 0.005103377 0.003885139 0.004681478 0.005453277 0.005249744 0.005579845 0.004662633 0.005550569 0.003568914 0.003934235 0.004326561 0.003892121 0.002301634 0.002097069 0.004007937 0.002674029 0.002408788 0.004563860 0.000000000 0.001598846 0.001041461 0.004793279 0.004807755 0.003026845 0.004106683 0.004237533 0.004619960 0.004825693 0.004849535 0.004563577 0.004700868 0.004163692 0.004139076 0.004470239 0.002871329 0.036194223 0.020260402 0.020005553 0.019729760 0.019600332 0.019963350 0.018862180 0.019077675 0.020324478 0.019830169 0.020243580 0.019692154 0.019617639 0.019618691 0.021106224 0.021233655 0.004430203 0.001598187 0.004180565 0.003407929 0.016045063 0.019643021 0.021424846 0.036452568 0.020287393 0.019897551 0.020035030 0.019317737 0.019735026 0.018677972 0.018503923 0.019770920 0.018999189 0.018750175 0.018319538 0.018722486 0.019482808 0.019477013 0.019859922 0.019665914 0.019162956 0.019346162 0.019513763 0.019021334 0.019145882 0.018855174 0.018998294 0.034921965 
ERR14108407 0.005956477 0.005519131 0.004915181 0.005457552 0.005621403 0.005109842 0.005564500 0.004030967 0.005565914 0.005298535 0.005192092 0.005706633 0.004667633 0.005763612 0.003814575 0.003848484 0.004316953 0.003869234 0.001860480 0.001601235 0.004721762 0.002390131 0.002315676 0.004850800 0.001598846 0.000000000 0.000877468 0.004882264 0.004896709 0.002787260 0.004135031 0.004124512 0.004746891 0.004653639 0.004665571 0.004342818 0.004567192 0.003953893 0.004510929 0.004596289 0.002878047 0.038640131 0.021276601 0.021047506 0.020692997 0.020331832 0.020702467 0.019685963 0.020786996 0.020814516 0.020670278 0.021220643 0.020735000 0.020717322 0.020951866 0.021539841 0.022336233 0.004525227 0.001712743 0.004152042 0.003074347 0.017590705 0.021013030 0.022851201 0.040408826 0.021046214 0.020430004 0.020644857 0.020318050 0.020400488 0.020124727 0.019215358 0.020577615 0.020476537 0.020092087 0.019649315 0.019719826 0.020331355 0.020896319 0.020721683 0.020697920 0.020538070 0.019917957 0.020517738 0.019854991 0.020613371 0.020293289 0.019887862 0.038571907 
ERR14108408 0.006127131 0.005638656 0.005094632 0.005704577 0.005756180 0.005431586 0.005736604 0.004137289 0.005726670 0.005403725 0.005448740 0.006046844 0.004802260 0.006019556 0.003811267 0.003908908 0.004338000 0.003971485 0.001909038 0.001800950 0.004797379 0.002665193 0.002554473 0.005014670 0.001041461 0.000877468 0.000000000 0.005064554 0.005086452 0.002888888 0.004219798 0.004213837 0.004704487 0.004750996 0.004831039 0.004291419 0.004575649 0.004144613 0.004619834 0.004774022 0.002988345 0.038077613 0.021280883 0.020920527 0.020744250 0.020003776 0.020701997 0.019370163 0.020601240 0.020950998 0.020810951 0.021262753 0.020919996 0.020749591 0.020837801 0.021372009 0.022277068 0.004782157 0.001817326 0.004264822 0.003280106 0.017663110 0.020998800 0.022916571 0.040186419 0.020970223 0.020474133 0.020525498 0.020141147 0.020303036 0.019874038 0.019238708 0.020555451 0.020308921 0.019886773 0.019442439 0.019807042 0.020279884 0.020754754 0.020810506 0.020909595 0.020492805 0.019818996 0.020226506 0.019841113 0.020449072 0.019806358 0.019883872 0.038041783 
ERR14108409 0.002938613 0.002555070 0.002706534 0.002807711 0.002727462 0.002498693 0.002929289 0.001600913 0.002810615 0.002643789 0.002729230 0.003349201 0.002130429 0.003273827 0.004441881 0.004416618 0.005211456 0.005122532 0.005151060 0.004992398 0.004934015 0.004673876 0.004546313 0.005180761 0.004793279 0.004882264 0.005064554 0.000000000 0.001346996 0.004444551 0.004264393 0.004245146 0.005560579 0.005524400 0.005421540 0.004602123 0.005346891 0.004848724 0.004826943 0.004946758 0.005310177 0.038260675 0.022268951 0.021920108 0.021381688 0.020822539 0.021418156 0.020128502 0.021370910 0.021669234 0.021374330 0.021815866 0.021358139 0.021277045 0.021765645 0.022366755 0.022987530 0.001924340 0.001465176 0.005038591 0.005553443 0.017970104 0.021717395 0.023658037 0.041095996 0.021837860 0.021228055 0.021425255 0.020999799 0.021046079 0.021058427 0.019681397 0.021219208 0.021202714 0.020619173 0.020355246 0.020452843 0.020930245 0.021460246 0.021274375 0.021383709 0.021251664 0.020487307 0.020906070 0.020451591 0.021316697 0.020554278 0.020720289 0.038640933 
ERR14108410 0.002784629 0.002251076 0.002566938 0.002598931 0.002549476 0.002172408 0.002536375 0.001514654 0.002495789 0.002335081 0.002444628 0.003073699 0.001986972 0.002956664 0.004521730 0.004324320 0.004997626 0.004927753 0.005260480 0.004999928 0.004737116 0.004620803 0.004475687 0.004913897 0.004807755 0.004896709 0.005086452 0.001346996 0.000000000 0.004513487 0.004132216 0.004061739 0.005319629 0.005269860 0.005142751 0.004450260 0.005140417 0.004880997 0.004538868 0.004819060 0.005331276 0.038813680 0.022166366 0.021738196 0.021335211 0.020773547 0.021370653 0.020099062 0.021226220 0.021886677 0.021686297 0.022063279 0.021675834 0.021489723 0.021852197 0.022469229 0.022736206 0.001954312 0.002260741 0.004950080 0.005560521 0.017800531 0.021584336 0.023403205 0.041364239 0.021917848 0.021169331 0.021184897 0.020989791 0.020936296 0.021068245 0.019917771 0.021339651 0.021306642 0.020376980 0.020124619 0.020763313 0.020914608 0.021523497 0.021144025 0.021482035 0.021258368 0.020421354 0.020963266 0.020517978 0.021303296 0.020465239 0.020677935 0.038546440 
ERR14108411 0.005617749 0.005076855 0.004667955 0.005239634 0.005165626 0.004777157 0.005247758 0.003818420 0.005222136 0.004958293 0.004875857 0.005302874 0.004261710 0.005473717 0.003457389 0.003290038 0.003816841 0.003691285 0.003080067 0.003007173 0.004754718 0.002935192 0.002739616 0.005003539 0.003026845 0.002787260 0.002888888 0.004444551 0.004513487 0.000000000 0.003601101 0.003725828 0.004267037 0.004143616 0.004288771 0.003919112 0.004213574 0.003606624 0.004646769 0.004876671 0.003524197 0.037131958 0.020691674 0.020270920 0.020084072 0.019567440 0.020076880 0.018997573 0.020090664 0.020412399 0.020214924 0.020696452 0.020378351 0.020082322 0.020481501 0.021020276 0.021816679 0.004113938 0.000833046 0.003774643 0.003717843 0.016893913 0.020318276 0.022523613 0.039997226 0.020480643 0.019830625 0.019885770 0.019515688 0.019619792 0.019462640 0.018587977 0.019916240 0.019544274 0.019366099 0.019028907 0.019205139 0.019682583 0.020268367 0.020059372 0.020080267 0.020037003 0.019301959 0.019776169 0.019207018 0.020137758 0.019397749 0.019412566 0.037351598 
ERR14108412 0.005182848 0.004590901 0.004314930 0.004776726 0.004739593 0.004481046 0.004713911 0.003316878 0.004706942 0.004635761 0.004774032 0.005208178 0.004074180 0.005167680 0.003206965 0.003232869 0.003474195 0.003283187 0.004411291 0.004093117 0.005095953 0.004067819 0.003891783 0.005529876 0.004106683 0.004135031 0.004219798 0.004264393 0.004132216 0.003601101 0.000000000 0.003269135 0.003651824 0.003420063 0.003811741 0.003190496 0.003506152 0.004215680 0.005213569 0.005312019 0.004869453 0.037661004 0.020801458 0.020589632 0.020321651 0.019751783 0.020196117 0.019134051 0.020393558 0.020599005 0.020394316 0.020622161 0.020384872 0.020302709 0.020741793 0.021042363 0.021748974 0.004078515 0.002212125 0.003240580 0.004964796 0.017399626 0.020493938 0.022416397 0.039580681 0.020616455 0.019893232 0.019998496 0.019558477 0.019513918 0.019610301 0.018575995 0.019893220 0.019874012 0.019286397 0.018981835 0.019226815 0.019836010 0.020266705 0.020181172 0.020045018 0.020027723 0.019398625 0.019697731 0.019265089 0.020109089 0.019285007 0.019370452 0.037613483 
ERR14108413 0.004384935 0.003802690 0.003726253 0.004282106 0.004248655 0.004089330 0.004184842 0.003493279 0.003974022 0.004090261 0.004696875 0.005229265 0.004231399 0.005116836 0.001777888 0.001865773 0.001889487 0.002122824 0.004417412 0.004316538 0.005399295 0.004130127 0.004117675 0.005714786 0.004237533 0.004124512 0.004213837 0.004245146 0.004061739 0.003725828 0.003269135 0.000000000 0.001481786 0.001806155 0.000938908 0.001143746 0.001252012 0.004393295 0.005434923 0.005552439 0.004950741 0.037621383 0.020658014 0.020521954 0.020217112 0.019703609 0.020087603 0.018900120 0.020196696 0.020669418 0.020535210 0.020816361 0.020378678 0.020153676 0.020511063 0.021152962 0.021578203 0.003969159 0.002183685 0.001310063 0.005072655 0.017270121 0.020272173 0.022200790 0.040209462 0.020690378 0.019925010 0.019990700 0.019591067 0.019588650 0.019869417 0.018707948 0.019788908 0.019650765 0.019190310 0.019049655 0.019506967 0.019630427 0.020350565 0.020136125 0.020099234 0.019895036 0.019300565 0.019822303 0.019566760 0.020063627 0.019030697 0.019270166 0.037760470 
ERR14108414 0.006358672 0.005749231 0.005567212 0.005930731 0.006092053 0.005855270 0.006027431 0.004347258 0.005679660 0.005812631 0.005906164 0.006451982 0.005336150 0.006549819 0.002051128 0.001883610 0.001973258 0.002097991 0.005032111 0.004879542 0.006127496 0.004723890 0.004575798 0.006629371 0.004619960 0.004746891 0.004704487 0.005560579 0.005319629 0.004267037 0.003651824 0.001481786 0.000000000 0.001486180 0.001390626 0.001428194 0.001403559 0.004914820 0.006224038 0.006343255 0.005612304 0.038778697 0.021745653 0.021523607 0.020966395 0.020375109 0.020974761 0.019912684 0.021059897 0.021503143 0.021321482 0.021687750 0.021191199 0.021100764 0.021422812 0.022054618 0.022607757 0.005332100 0.001907003 0.000951996 0.005637517 0.017915207 0.021387379 0.023532371 0.041138518 0.021838279 0.020805241 0.020959082 0.020525394 0.020495474 0.020411758 0.019848628 0.021009327 0.020729845 0.020229147 0.020128540 0.020249283 0.020844894 0.021122281 0.021138950 0.020984578 0.020930466 0.020214169 0.020407558 0.020344608 0.021112830 0.020147974 0.020341361 0.038761289 
ERR14108415 0.006227084 0.005841692 0.005473998 0.006049471 0.005648224 0.005508670 0.005756168 0.004506672 0.005858865 0.005509808 0.005831481 0.006426152 0.005190586 0.006357799 0.002093346 0.002052502 0.002199596 0.002421520 0.004949017 0.004778987 0.006084934 0.004802704 0.004556349 0.006557980 0.004825693 0.004653639 0.004750996 0.005524400 0.005269860 0.004143616 0.003420063 0.001806155 0.001486180 0.000000000 0.001844771 0.001809975 0.001675298 0.004894018 0.006105890 0.006221478 0.005409796 0.037391488 0.020754822 0.020412223 0.020339931 0.019506091 0.019924362 0.018740535 0.020115572 0.020770418 0.020469217 0.021026469 0.020535931 0.020322023 0.020541100 0.021133615 0.021641801 0.005065903 0.001472638 0.001391953 0.005394603 0.017704871 0.020069406 0.022373665 0.039877740 0.020910470 0.019814308 0.019975302 0.019784103 0.019733775 0.019890883 0.018950950 0.019814644 0.019847738 0.019352383 0.019236032 0.019696692 0.019505358 0.020399759 0.020111199 0.019977036 0.019997460 0.019675104 0.019937528 0.019864493 0.020337591 0.019127424 0.019212469 0.037283102 
ERR14108416 0.006255894 0.005620406 0.005315850 0.005929331 0.005927409 0.005901727 0.005943488 0.004233495 0.006134899 0.005587851 0.005951513 0.006522632 0.005331780 0.006351060 0.001972501 0.001967843 0.001987128 0.002406966 0.004812131 0.004760423 0.006095806 0.004792960 0.004733387 0.006417441 0.004849535 0.004665571 0.004831039 0.005421540 0.005142751 0.004288771 0.003811741 0.000938908 0.001390626 0.001844771 0.000000000 0.001123445 0.001261914 0.004962227 0.006144298 0.006050586 0.005607672 0.036191664 0.020520573 0.020325587 0.020022496 0.019746378 0.019906761 0.018649091 0.019696099 0.020171106 0.019986119 0.020502631 0.020009272 0.019956277 0.020140865 0.020686833 0.021369190 0.004996041 0.002300190 0.001238898 0.005758544 0.016722373 0.019739574 0.022013598 0.038406064 0.020676821 0.019464617 0.019750769 0.019636474 0.019644215 0.019794303 0.018712598 0.019611354 0.019745309 0.019314004 0.019050416 0.019344184 0.019212645 0.020140466 0.019994109 0.019776888 0.019650806 0.019268147 0.019764120 0.019649509 0.019815616 0.018935479 0.018930038 0.036139624 
ERR14108417 0.004995015 0.004475491 0.004284509 0.004739363 0.004705825 0.004504200 0.004689817 0.003759198 0.004653636 0.004504315 0.004993681 0.005431488 0.004617743 0.005479727 0.001681763 0.001746422 0.001892961 0.001988365 0.004581750 0.004417053 0.005578405 0.004331865 0.004168704 0.005915189 0.004563577 0.004342818 0.004291419 0.004602123 0.004450260 0.003919112 0.003190496 0.001143746 0.001428194 0.001809975 0.001123445 0.000000000 0.001073389 0.004452590 0.005584386 0.005542959 0.005085573 0.037637275 0.020711921 0.020498608 0.020134597 0.019552747 0.019986734 0.019035063 0.020098340 0.020491876 0.020392097 0.020708563 0.020246093 0.020160450 0.020428983 0.021106318 0.021910841 0.004211134 0.002190413 0.001299675 0.005293274 0.017021514 0.020179784 0.022395229 0.039611778 0.020854641 0.019826812 0.020051870 0.019504973 0.019543685 0.019701115 0.018937420 0.019981966 0.019831909 0.019059320 0.019270851 0.019332814 0.019731433 0.020216000 0.019987556 0.020101334 0.020063503 0.019261831 0.019703797 0.019329619 0.019976457 0.019280582 0.019268367 0.037780685 
ERR14108418 0.006099933 0.005505424 0.005333712 0.005754770 0.005778706 0.005108245 0.005734908 0.004240964 0.005605026 0.005470832 0.005861413 0.006401551 0.005205801 0.006271395 0.001821423 0.001936661 0.002024554 0.002128537 0.004948464 0.004583128 0.006144536 0.004733638 0.004515623 0.006244114 0.004700868 0.004567192 0.004575649 0.005346891 0.005140417 0.004213574 0.003506152 0.001252012 0.001403559 0.001675298 0.001261914 0.001073389 0.000000000 0.004764887 0.005894898 0.006034265 0.005369750 0.037697520 0.021364701 0.021058020 0.020776329 0.019989175 0.020562690 0.019777412 0.020583339 0.021155291 0.020803122 0.021171340 0.020876297 0.020634902 0.021062368 0.021457681 0.022219089 0.004722088 0.002574874 0.001284546 0.005469236 0.017766541 0.020795956 0.022902155 0.039902688 0.021334879 0.020299951 0.020429317 0.019970474 0.020255939 0.020145787 0.019316333 0.020370746 0.020362755 0.019949029 0.019569726 0.019838489 0.020152062 0.020796935 0.020623607 0.020635329 0.020604978 0.019766584 0.020234083 0.019872166 0.020670614 0.019539938 0.020023695 0.037720941 
