89
ERR14108382 0.000000000 0.001463412 0.001367243 0.001975817 0.001404086 0.001667549 0.001569711 0.002169514 0.000949876 0.001809015 0.003609262 0.004423215 0.003440263 0.003394252 0.004497226 0.004980144 0.006165061 0.005397017 0.006669408 0.005851605 0.005274183 0.005944743 0.005547372 0.006290538 0.004693584 0.005931502 0.006474463 0.003195448 0.002701676 0.005913502 0.005063116 0.004304523 0.006234047 0.006769048 0.005835424 0.005136424 0.005648466 0.005826304 0.005790637 0.006051798 0.006873841 0.042340789 0.023999220 0.023702316 0.023237774 0.022797186 0.023543474 0.021764506 0.023308931 0.023578089 0.023273321 0.023612107 0.023357311 0.022912039 0.023561566 0.024225525 0.024562389 0.002811674 0.002628606 0.006095079 0.006811923 0.020247989 0.023757401 0.025711649 0.045290079 0.023557784 0.023090692 0.023211928 0.022884369 0.022605974 0.022557487 0.021689947 0.023157679 0.022846893 0.022538186 0.021871951 0.021890546 0.023034944 0.023311233 0.022766293 0.023085035 0.022808374 0.021927393 0.022474258 0.021991740 0.023093387 0.022213988 0.022538530 0.042100346 
ERR14108383 0.001463412 0.000000000 0.000699809 0.001309202 0.002007550 0.002160104 0.001955978 0.003015999 0.000826826 0.003440712 0.003262126 0.004522785 0.003584179 0.002749881 0.004242556 0.004463972 0.004922635 0.004296881 0.006374344 0.004415653 0.005305284 0.005743758 0.005598737 0.004791337 0.006840990 0.006007641 0.005887914 0.003022048 0.002795872 0.005666636 0.003794870 0.003458913 0.005219690 0.006648622 0.005879138 0.004888323 0.004392855 0.004690002 0.004944300 0.006685123 0.006490792 0.040453590 0.022851030 0.023042609 0.022077996 0.020987230 0.022065236 0.019919781 0.021695138 0.022459911 0.021857871 0.022143643 0.021665695 0.021778698 0.021830839 0.022571201 0.023465797 0.002805632 0.003961142 0.005867365 0.005627692 0.017725945 0.021817444 0.023953758 0.043676150 0.022377237 0.021987221 0.021973855 0.021654549 0.021882195 0.021114854 0.020739653 0.021367559 0.021527004 0.020827724 0.020758219 0.021266292 0.020790844 0.021831944 0.021873209 0.021396783 0.021101571 0.020865477 0.021065807 0.021267676 0.021637036 0.020764889 0.020712081 0.040201497 
ERR14108384 0.001367243 0.000699809 0.000000000 0.001155000 0.002068384 0.002478737 0.001317111 0.002053833 0.000661907 0.002715589 0.002869883 0.005008034 0.002412063 0.002784710 0.003790259 0.005016816 0.004318847 0.003831917 0.005216457 0.004239429 0.004597543 0.004362553 0.005670394 0.004586541 0.004605921 0.004917098 0.004768644 0.002475487 0.002230391 0.005666084 0.003573091 0.003280303 0.004702518 0.005458717 0.004981239 0.004928444 0.004094538 0.004172457 0.003898079 0.005167038 0.006103291 0.038666270 0.021636070 0.021270124 0.020861726 0.020507980 0.020944076 0.019802936 0.020877560 0.021117372 0.020878144 0.021340292 0.021001532 0.020842655 0.021427030 0.021869740 0.022256890 0.002182464 0.005455000 0.005288971 0.005685769 0.017855696 0.020982631 0.022358994 0.039528909 0.021177029 0.020427071 0.020793506 0.020273478 0.020221546 0.020335083 0.019478090 0.020393131 0.020494322 0.019710837 0.019699976 0.020093848 0.020558032 0.020842807 0.020540620 0.020662037 0.020838809 0.020055775 0.020280476 0.019750614 0.020761325 0.019903131 0.020533267 0.038978986 
ERR14108385 0.001975817 0.001309202 0.001155000 0.000000000 0.001465045 0.001484768 0.001891059 0.003130098 0.002070442 0.001243046 0.002651912 0.003341679 0.002887129 0.002934255 0.005675150 0.004987778 0.005529515 0.006316559 0.006083891 0.004969414 0.005421550 0.006240609 0.005034131 0.005316482 0.006730349 0.006336422 0.005683922 0.002988212 0.003796073 0.005650518 0.004449718 0.003953438 0.005551969 0.006042384 0.006509887 0.004682323 0.005853885 0.005911076 0.005781511 0.006264619 0.005955324 0.039187468 0.022849281 0.022628062 0.022162903 0.021549917 0.022158919 0.020839653 0.021983299 0.022475095 0.022321261 0.022432259 0.022253887 0.022066555 0.022789831 0.023221991 0.023727982 0.003826327 0.001791021 0.005754794 0.006457848 0.018954563 0.022263335 0.023915852 0.041704498 0.022719339 0.021905637 0.021981531 0.021471886 0.021345621 0.021387324 0.020524863 0.021967773 0.021313633 0.021123538 0.021012740 0.021011106 0.021614860 0.021987235 0.021856326 0.021639236 0.021744951 0.021243287 0.021652117 0.021215960 0.022173390 0.020918071 0.021251642 0.039357598 
ERR14108386 0.001404086 0.002007550 0.002068384 0.001465045 0.000000000 0.001718580 0.001816121 0.002169711 0.001730047 0.001829327 0.003791670 0.004275455 0.003617879 0.003929098 0.004939962 0.005552409 0.006424625 0.006040467 0.006220689 0.005790441 0.005609878 0.006300462 0.005476962 0.006460562 0.005870154 0.006553466 0.006160638 0.003292987 0.003650383 0.005623635 0.004838737 0.004441144 0.006416027 0.006002781 0.006673649 0.004903296 0.006123084 0.005864551 0.006003525 0.006129016 0.006241472 0.041008418 0.023547256 0.023094899 0.022656642 0.021923621 0.022622708 0.021064942 0.022525975 0.022952591 0.022673817 0.022865471 0.022849716 0.022579848 0.023039341 0.023625583 0.024255795 0.003386867 0.002738366 0.005882277 0.006840902 0.019533499 0.022788130 0.024868687 0.043788573 0.022710565 0.022276969 0.022673422 0.022095559 0.021807497 0.021812656 0.021075159 0.022546764 0.022189143 0.021663500 0.021172033 0.021388577 0.022153860 0.022656953 0.022291677 0.022376746 0.022234788 0.021385112 0.021768621 0.021447306 0.022716070 0.021439596 0.021873217 0.040814909 
ERR14108387 0.001667549 0.002160104 0.002478737 0.001484768 0.001718580 0.000000000 0.003209423 0.002330087 0.001633541 0.001938636 0.004139646 0.003390517 0.003384516 0.002962449 0.006747225 0.005570699 0.005370945 0.005661620 0.005604237 0.005227167 0.006062707 0.005467232 0.005106081 0.006113078 0.005973349 0.006079758 0.006013132 0.003566116 0.003064076 0.005274072 0.004300208 0.004434883 0.005964140 0.005794402 0.007636450 0.004770788 0.005807677 0.005749526 0.004947482 0.006784478 0.005463772 0.039980392 0.021823573 0.021536680 0.021196442 0.020005079 0.020935705 0.019619152 0.021467573 0.022277741 0.021796227 0.021485677 0.021453933 0.021240223 0.021541279 0.022185478 0.023814745 0.003456427 0.003014873 0.005455132 0.006282856 0.017293463 0.021228956 0.023862540 0.041240372 0.021806264 0.020844503 0.020967556 0.020468869 0.020884148 0.021199220 0.020219579 0.020660554 0.021063350 0.020287427 0.020681514 0.020747221 0.020282685 0.021817398 0.021516061 0.021379982 0.020995940 0.020771677 0.020983584 0.021132300 0.021410888 0.019885881 0.020204366 0.040519619 
ERR14108388 0.001569711 0.001955978 0.001317111 0.001891059 0.001816121 0.003209423 0.000000000 0.002216199 0.001027626 0.002203516 0.002929118 0.004869871 0.002506918 0.003402727 0.004359899 0.005376609 0.005720176 0.005195063 0.006103483 0.005042161 0.003748958 0.004635439 0.005722015 0.004886826 0.003981613 0.005296470 0.005035396 0.002528693 0.002510729 0.006089739 0.004171159 0.003794482 0.004942290 0.005297362 0.004784129 0.005113235 0.004816832 0.005088034 0.004509636 0.005106032 0.006062535 0.041333319 0.023274762 0.023211205 0.022189257 0.021969891 0.022882065 0.021265726 0.022514780 0.023277988 0.022679613 0.022816289 0.022843410 0.022815710 0.023335825 0.023810609 0.024922757 0.002327917 0.003769475 0.005851174 0.006424701 0.019165988 0.022626640 0.025124275 0.043327888 0.023409060 0.022374463 0.022730785 0.022512683 0.022215897 0.022184135 0.021215039 0.022520166 0.022531405 0.021792949 0.022107657 0.021860754 0.022149139 0.022980993 0.022419425 0.022477007 0.022387608 0.021964459 0.022378464 0.021766494 0.022606875 0.021608470 0.021996709 0.041323640 
ERR14108389 0.002169514 0.003015999 0.002053833 0.003130098 0.002169711 0.002330087 0.002216199 0.000000000 0.001769961 0.002414553 0.002476643 0.003479609 0.002500027 0.002754121 0.003131555 0.004445116 0.005152076 0.004237630 0.004273610 0.003387834 0.003297897 0.004070317 0.003821962 0.004614225 0.003327537 0.004395233 0.004230296 0.002224592 0.002308992 0.004708600 0.003003738 0.003683969 0.004066399 0.004972464 0.004596320 0.004104104 0.003892174 0.003361563 0.003755042 0.004067512 0.004247997 0.038817696 0.020810315 0.020492686 0.019616736 0.019101933 0.020176548 0.018234987 0.020172700 0.020331744 0.020047129 0.020147606 0.020248785 0.019568646 0.020098590 0.020313347 0.021966457 0.001693853 0.004069452 0.004433195 0.005413934 0.017199246 0.020030508 0.022052311 0.040767245 0.020125914 0.019571826 0.019832852 0.019562770 0.019576911 0.019861910 0.018774416 0.019644155 0.019828047 0.019460494 0.018868581 0.019146730 0.019210337 0.020053692 0.019947671 0.019610558 0.019452574 0.019351715 0.019386015 0.019451668 0.019801563 0.018887154 0.019086820 0.038845485 
ERR14108390 0.000949876 0.000826826 0.000661907 0.002070442 0.001730047 0.001633541 0.001027626 0.001769961 0.000000000 0.003070470 0.003203006 0.005441628 0.002593472 0.003160247 0.003283402 0.005067873 0.004748340 0.003415303 0.005779271 0.004211004 0.003939438 0.004391505 0.005831924 0.004425004 0.003727179 0.005265972 0.005086776 0.002379754 0.002212530 0.006241677 0.003592660 0.003333188 0.004446871 0.005988161 0.004785504 0.005149816 0.003852967 0.004225059 0.003702471 0.005132632 0.006444595 0.038903785 0.021313453 0.021242078 0.020407468 0.020147743 0.020311313 0.019513818 0.020407778 0.021333556 0.021080749 0.020803723 0.020775445 0.021128438 0.020944684 0.021476945 0.022446383 0.001938806 0.003735262 0.005896485 0.005839922 0.018337335 0.020790195 0.022725754 0.040548048 0.021178755 0.020608046 0.020543441 0.020786294 0.020750470 0.020155242 0.019735392 0.020610203 0.020477522 0.020042265 0.020081188 0.020415989 0.020375255 0.020439508 0.020577600 0.020672477 0.020541349 0.019661711 0.020438282 0.019883207 0.020547638 0.019723448 0.019703763 0.038905215 
ERR14108391 0.001809015 0.003440712 0.002715589 0.001243046 0.001829327 0.001938636 0.002203516 0.002414553 0.003070470 0.000000000 0.002336110 0.002400428 0.002914202 0.002491393 0.005552777 0.005241538 0.006221107 0.007386083 0.005856002 0.005855688 0.005722072 0.006073703 0.005032786 0.006430950 0.006037150 0.006175357 0.005784896 0.003080327 0.003373548 0.005451671 0.005231164 0.004720134 0.006406379 0.005752352 0.006372511 0.004584020 0.006168979 0.005999256 0.006038894 0.005567668 0.005963900 0.038777456 0.022160023 0.021969353 0.021384884 0.020913384 0.021464371 0.020280901 0.021667523 0.022081733 0.021893105 0.021973687 0.021641998 0.021630825 0.022101338 0.022482121 0.023016589 0.002850576 0.003375545 0.005423414 0.006595740 0.018764481 0.021824134 0.023406993 0.041395033 0.021848435 0.021283531 0.021464875 0.020876508 0.020773217 0.021098770 0.020406348 0.021319667 0.020925622 0.020956905 0.020592202 0.020902038 0.021143394 0.021744554 0.021669609 0.021340138 0.021208653 0.020620562 0.021025401 0.021026411 0.021379092 0.020795713 0.020818199 0.038719643 
ERR14108392 0.003609262 0.003262126 0.002869883 0.002651912 0.003791670 0.004139646 0.002929118 0.002476643 0.003203006 0.002336110 0.000000000 0.000373424 0.001894846 0.000640382 0.004735668 0.005070093 0.005682876 0.005160794 0.005723972 0.005367041 0.004428623 0.005177988 0.004988507 0.004902176 0.004648057 0.005144318 0.005380030 0.002691074 0.002418683 0.005098312 0.004844926 0.004545757 0.005737194 0.005968905 0.005571422 0.005104710 0.005677711 0.005380818 0.004553799 0.004897697 0.005507489 0.041558531 0.023017086 0.022969057 0.022292296 0.021560341 0.022514211 0.021121649 0.022390854 0.022818256 0.022343628 0.022733190 0.022574521 0.022370189 0.022870737 0.023550058 0.023938995 0.001246810 0.004014356 0.005584916 0.005880135 0.019542693 0.022560534 0.024880974 0.044311266 0.022857138 0.022158726 0.022298225 0.021769984 0.021794214 0.021915751 0.020600540 0.022226302 0.022057041 0.021568647 0.021202536 0.021531923 0.021954698 0.022699958 0.022424224 0.022317506 0.021973509 0.021472882 0.022102774 0.021512918 0.022405896 0.021563020 0.021541365 0.041085112 
ERR14108393 0.004423215 0.004522785 0.005008034 0.003341679 0.004275455 0.003390517 0.004869871 0.003479609 0.005441628 0.002400428 0.000373424 0.000000000 0.003638733 0.000794432 0.005445899 0.005677958 0.006281608 0.006761504 0.006868665 0.006315895 0.006276333 0.006049087 0.005434258 0.006067864 0.007137858 0.006046161 0.007073648 0.004140722 0.004336281 0.005526889 0.005421550 0.005524987 0.006879284 0.007190980 0.008063068 0.005303193 0.006963522 0.006060342 0.005940853 0.005672439 0.006222500 0.042141444 0.023659578 0.023373599 0.023144710 0.022408350 0.023256765 0.021458755 0.023256656 0.023518478 0.023137028 0.023483047 0.023156148 0.022967805 0.023647498 0.024132905 0.024544328 0.002344224 0.003344503 0.006127131 0.006993826 0.020274886 0.023311155 0.025456609 0.045328033 0.023319290 0.022886241 0.022951445 0.022465524 0.022308016 0.022152963 0.021382897 0.022659506 0.022596629 0.022239421 0.021788239 0.021965378 0.022575076 0.023426321 0.023238555 0.023213895 0.022824520 0.021906921 0.022433311 0.021983150 0.022837073 0.022132680 0.022190070 0.042024062 
ERR14108394 0.003440263 0.003584179 0.002412063 0.002887129 0.003617879 0.003384516 0.002506918 0.002500027 0.002593472 0.002914202 0.001894846 0.003638733 0.000000000 0.002527159 0.004849818 0.004960947 0.005094614 0.004620120 0.004902025 0.004629089 0.004203684 0.004395376 0.005347630 0.004525771 0.004279978 0.004594173 0.004560017 0.001985823 0.001880176 0.005076373 0.004125332 0.004076354 0.005081602 0.005159628 0.004709390 0.005381945 0.005080266 0.004843571 0.004039755 0.004473278 0.005371988 0.040259289 0.022569436 0.022141765 0.021568782 0.021096686 0.021635397 0.020235515 0.021625655 0.021971183 0.021658713 0.022103205 0.021857720 0.021344602 0.022048814 0.022455762 0.023404288 0.001351593 0.005843912 0.005092372 0.005581849 0.018576832 0.022005148 0.024233622 0.042145497 0.021819403 0.021502997 0.021576682 0.021192739 0.021182541 0.021218245 0.019899058 0.021480451 0.021190033 0.021057902 0.020547188 0.020488842 0.021243862 0.021887918 0.021768212 0.021506231 0.021505408 0.020692134 0.021029344 0.020505932 0.021371844 0.020773665 0.020865303 0.040026652 
ERR14108395 0.003394252 0.002749881 0.002784710 0.002934255 0.003929098 0.002962449 0.003402727 0.002754121 0.003160247 0.002491393 0.000640382 0.000794432 0.002527159 0.000000000 0.005817483 0.005537521 0.005898070 0.005086113 0.006404472 0.005889437 0.005681172 0.005602487 0.005570532 0.005601438 0.005286101 0.005790646 0.006315544 0.003411699 0.002796348 0.005662414 0.005044322 0.004965928 0.006445708 0.006746824 0.006809829 0.005590631 0.006111183 0.006021754 0.005235553 0.005592790 0.006347839 0.042640529 0.025266171 0.024445017 0.024253319 0.023896311 0.024500254 0.022557536 0.024403616 0.024722453 0.023934752 0.024549175 0.024235646 0.023981589 0.024679116 0.025016976 0.025520930 0.001859970 0.001638994 0.006509036 0.006558615 0.020432707 0.024784998 0.026434343 0.046189697 0.024111931 0.023724596 0.023825195 0.023300846 0.023142173 0.023110447 0.022198533 0.023594966 0.023408025 0.022958940 0.022392227 0.022704541 0.023485433 0.024003363 0.023668271 0.023595187 0.023452280 0.022771409 0.023089871 0.022636139 0.023608871 0.022952714 0.023059511 0.042351831 
ERR14108396 0.004497226 0.004242556 0.003790259 0.005675150 0.004939962 0.006747225 0.004359899 0.003131555 0.003283402 0.005552777 0.004735668 0.005445899 0.004849818 0.005817483 0.000000000 0.000793625 0.001012330 0.001702289 0.004567654 0.003248801 0.003945523 0.003968701 0.003369260 0.004888979 0.002668715 0.003887723 0.003879230 0.004200763 0.004102635 0.003728917 0.002972379 0.001838188 0.001874881 0.002242148 0.001784132 0.001748184 0.001574690 0.003390118 0.004491007 0.005148945 0.004367847 0.035227176 0.020307575 0.020038825 0.019209441 0.019222345 0.019877182 0.018760477 0.019515616 0.020151681 0.019921989 0.019745626 0.019364167 0.019492151 0.019754040 0.020476240 0.020576200 0.003328539 0.001820952 0.001248530 0.004257861 0.016428810 0.019502103 0.021242582 0.038407513 0.020118524 0.019682742 0.019345265 0.019103974 0.019056624 0.019226324 0.018472379 0.019723749 0.019528544 0.018607054 0.018522851 0.018588448 0.019168761 0.019467760 0.019754298 0.019293134 0.019031501 0.018477957 0.018938148 0.019236775 0.019301434 0.019068879 0.019042726 0.035390337 
ERR14108397 0.004980144 0.004463972 0.005016816 0.004987778 0.005552409 0.005570699 0.005376609 0.004445116 0.005067873 0.005241538 0.005070093 0.005677958 0.004960947 0.005537521 0.000793625 0.000000000 0.001348467 0.001942125 0.004554393 0.003890747 0.005632152 0.003985269 0.003768527 0.005340120 0.004485678 0.003791000 0.004339845 0.004640936 0.004421983 0.003551276 0.003491422 0.001823704 0.002220521 0.002461891 0.002532299 0.001812885 0.002234203 0.004182604 0.005528480 0.005393453 0.004669759 0.037913718 0.020666309 0.020131869 0.020101693 0.019290352 0.020064885 0.018835832 0.019878116 0.020312641 0.020162064 0.020377656 0.020001544 0.019902641 0.020253898 0.020992616 0.021251234 0.004232454 0.001740537 0.001374950 0.004281352 0.016512809 0.020136284 0.022176856 0.041049114 0.020540675 0.019907623 0.019812828 0.019391589 0.019368093 0.019627434 0.018544357 0.019774606 0.019721101 0.019185975 0.019037584 0.019189678 0.019652711 0.020027564 0.019869886 0.019772550 0.019616693 0.019164933 0.019407882 0.019164153 0.019841961 0.018873892 0.019361015 0.037927050 
ERR14108398 0.006165061 0.004922635 0.004318847 0.005529515 0.006424625 0.005370945 0.005720176 0.005152076 0.004748340 0.006221107 0.005682876 0.006281608 0.005094614 0.005898070 0.001012330 0.001348467 0.000000000 0.001243597 0.004873434 0.004544390 0.006373473 0.004140206 0.004219685 0.005986586 0.004435711 0.004391073 0.004574730 0.005276817 0.004618418 0.003958213 0.003483418 0.001893357 0.001907517 0.002302120 0.002361050 0.001960924 0.001977920 0.004585248 0.005670845 0.006288598 0.005254297 0.039314133 0.022225812 0.021631023 0.021354437 0.020606152 0.021514722 0.019849120 0.021259720 0.021566589 0.021337559 0.021728947 0.021362695 0.021255461 0.021627804 0.022131290 0.022355042 0.004471587 0.003314355 0.001478366 0.005123955 0.018268933 0.021519359 0.023561054 0.041934644 0.021573344 0.021023439 0.020926431 0.020364128 0.020266859 0.020338687 0.019469763 0.020748754 0.020329680 0.019922760 0.019558275 0.019789074 0.020606278 0.021210827 0.020761054 0.020875870 0.020756735 0.019865629 0.020236877 0.019996233 0.020842631 0.019998772 0.020340101 0.039323756 
ERR14108399 0.005397017 0.004296881 0.003831917 0.006316559 0.006040467 0.005661620 0.005195063 0.004237630 0.003415303 0.007386083 0.005160794 0.006761504 0.004620120 0.005086113 0.001702289 0.001942125 0.001243597 0.000000000 0.004552832 0.003561872 0.005315167 0.003544150 0.004306263 0.005034058 0.004119804 0.003461188 0.004015120 0.004762688 0.003639921 0.003980559 0.003231582 0.001821462 0.002339427 0.002631659 0.002585394 0.002628447 0.002179349 0.004220096 0.004699846 0.005716984 0.005264980 0.038204398 0.020623530 0.020432639 0.019913946 0.019541109 0.020054145 0.018997281 0.019688020 0.020111093 0.019899154 0.020292861 0.019987708 0.019850501 0.020219914 0.020340734 0.020745322 0.003306886 0.006445469 0.001571508 0.004332508 0.016881609 0.020217684 0.021682396 0.040570612 0.019938928 0.019893249 0.019689029 0.019571109 0.019440521 0.019326924 0.018725543 0.019601295 0.019511936 0.019227546 0.018805068 0.018590170 0.019237251 0.019639035 0.019540786 0.019599277 0.019569913 0.019239991 0.019494388 0.019360289 0.019507456 0.019323882 0.019211264 0.037844926 
ERR14108400 0.006669408 0.006374344 0.005216457 0.006083891 0.006220689 0.005604237 0.006103483 0.004273610 0.005779271 0.005856002 0.005723972 0.006868665 0.004902025 0.006404472 0.004567654 0.004554393 0.004873434 0.004552832 0.000000000 0.001446150 0.005179266 0.003038758 0.003609544 0.005486651 0.002906594 0.002108970 0.002040282 0.005312384 0.005469169 0.003641430 0.004607063 0.004669683 0.005204585 0.005077069 0.004936989 0.005192074 0.005088668 0.004604831 0.005096196 0.005271358 0.003528459 0.040954836 0.022669049 0.022110951 0.022148013 0.021272161 0.022173136 0.020374252 0.022290347 0.022277928 0.022071396 0.022625031 0.022352379 0.022083193 0.022520511 0.022729741 0.023587170 0.004854498 0.009835553 0.004743216 0.003374206 0.018912241 0.022332104 0.024517849 0.043908928 0.022188784 0.021595896 0.021727871 0.021112049 0.021366915 0.021166448 0.020388139 0.021509955 0.021341149 0.020898466 0.020823524 0.020839827 0.021418073 0.022206274 0.021835876 0.021892968 0.021829140 0.020918925 0.021270879 0.021051787 0.021852258 0.020937872 0.020815334 0.040590023 
ERR14108401 0.005851605 0.004415653 0.004239429 0.004969414 0.005790441 0.005227167 0.005042161 0.003387834 0.004211004 0.005855688 0.005367041 0.006315895 0.004629089 0.005889437 0.003248801 0.003890747 0.004544390 0.003561872 0.001446150 0.000000000 0.004404259 0.002779236 0.002944349 0.004911389 0.001590858 0.001673484 0.001890304 0.004956386 0.004387894 0.003538409 0.003882224 0.004096034 0.004559424 0.005061009 0.004549351 0.004641753 0.004239371 0.004050439 0.004548558 0.005289010 0.003400545 0.041030612 0.022454027 0.021993398 0.021766741 0.021336804 0.022065937 0.020284389 0.022181430 0.022269778 0.022068615 0.022631697 0.022132638 0.021808320 0.022387671 0.022643844 0.023376268 0.004123190 0.003616919 0.004639925 0.003052300 0.018862787 0.022197890 0.024416823 0.043448199 0.022079264 0.021587639 0.021612079 0.021082791 0.021057618 0.020765417 0.020246795 0.021583557 0.021257498 0.020899479 0.020412880 0.020528648 0.021388530 0.022015924 0.021714977 0.021828727 0.021431931 0.020746848 0.021197788 0.020474182 0.021417134 0.020904190 0.020896166 0.040766007 
ERR14108402 0.005274183 0.005305284 0.004597543 0.005421550 0.005609878 0.006062707 0.003748958 0.003297897 0.003939438 0.005722072 0.004428623 0.006276333 0.004203684 0.005681172 0.003945523 0.005632152 0.006373473 0.005315167 0.005179266 0.004404259 0.000000000 0.004562554 0.005262159 0.001720088 0.003253917 0.004665137 0.004294385 0.004356282 0.004475003 0.005886641 0.004738972 0.005136825 0.005412463 0.005666542 0.004905955 0.006016009 0.005391545 0.005016575 0.001855498 0.002307205 0.004945976 0.040671370 0.024019128 0.023334459 0.022994733 0.022152442 0.022893770 0.022010757 0.022992394 0.023551156 0.023179491 0.023232312 0.023203192 0.022670943 0.023422332 0.023970796 0.024921393 0.003747526 0.004213408 0.006036506 0.005990986 0.020104379 0.022949166 0.025229335 0.044014524 0.023318103 0.022681996 0.022850691 0.022443883 0.022400981 0.022119805 0.021428941 0.022709739 0.022589117 0.021830245 0.022069498 0.021742041 0.022069649 0.023009501 0.023131373 0.022869923 0.022625225 0.022064893 0.022133522 0.021740265 0.022580095 0.021929421 0.022309233 0.040880375 
ERR14108403 0.005944743 0.005743758 0.004362553 0.006240609 0.006300462 0.005467232 0.004635439 0.004070317 0.004391505 0.006073703 0.005177988 0.006049087 0.004395376 0.005602487 0.003968701 0.003985269 0.004140206 0.003544150 0.003038758 0.002779236 0.004562554 0.000000000 0.000870925 0.004731075 0.002256758 0.002294851 0.002691816 0.004497114 0.004115221 0.003061613 0.004115675 0.004039856 0.004418847 0.004786010 0.004505653 0.004547314 0.004500446 0.003387331 0.004280501 0.004804834 0.003262784 0.039361990 0.021685724 0.021389377 0.021005650 0.020373484 0.021102978 0.019748026 0.020884350 0.021350074 0.020997766 0.021485316 0.021180704 0.021160774 0.021341478 0.021883770 0.022605933 0.003853228 0.001698081 0.004567404 0.003454306 0.017927651 0.021082733 0.023263653 0.042057339 0.021297347 0.020586290 0.020753736 0.020235694 0.020443834 0.020378025 0.019447043 0.020704954 0.020486764 0.020136263 0.019869033 0.020003752 0.020404865 0.020997620 0.021103444 0.020753518 0.020884927 0.020080226 0.020741728 0.019876642 0.020849811 0.020193580 0.020052956 0.039589173 
ERR14108404 0.005547372 0.005598737 0.005670394 0.005034131 0.005476962 0.005106081 0.005722015 0.003821962 0.005831924 0.005032786 0.004988507 0.005434258 0.005347630 0.005570532 0.003369260 0.003768527 0.004219685 0.004306263 0.003609544 0.002944349 0.005262159 0.000870925 0.000000000 0.004943177 0.003726916 0.002434016 0.003356845 0.004957338 0.005169680 0.002997882 0.003998511 0.004215323 0.004701961 0.005103495 0.005795578 0.004079634 0.004937161 0.003351072 0.004861326 0.004919555 0.003264170 0.039759113 0.021925803 0.021507848 0.021064380 0.020541921 0.020965749 0.020088616 0.021030352 0.021617184 0.021227167 0.021749817 0.021269806 0.021114697 0.021377912 0.021970717 0.022915005 0.004955661 0.002194370 0.004339679 0.003595768 0.017801180 0.021193579 0.023452053 0.041695387 0.021363277 0.020710164 0.020930699 0.020376316 0.020573257 0.020660575 0.019565266 0.020837049 0.020812646 0.020273715 0.019978773 0.020277955 0.020595349 0.021175756 0.020985856 0.020947275 0.020686270 0.020171071 0.020776758 0.020188497 0.020876310 0.019993011 0.020115818 0.039269506 
ERR14108405 0.006290538 0.004791337 0.004586541 0.005316482 0.006460562 0.006113078 0.004886826 0.004614225 0.004425004 0.006430950 0.004902176 0.006067864 0.004525771 0.005601438 0.004888979 0.005340120 0.005986586 0.005034058 0.005486651 0.004911389 0.001720088 0.004731075 0.004943177 0.000000000 0.003228280 0.004469709 0.004782356 0.004876713 0.004177855 0.005265021 0.005476629 0.005170698 0.005980488 0.006314623 0.005839105 0.006037365 0.005715202 0.005756306 0.001570018 0.002564156 0.004845399 0.042711906 0.024378280 0.024020846 0.023928025 0.023036146 0.023809849 0.022546491 0.023852559 0.024105997 0.023917765 0.024147696 0.023937472 0.023559008 0.024481316 0.024541662 0.025310029 0.004187232 0.002117520 0.006461187 0.005147080 0.021096474 0.024239314 0.026557572 0.046003809 0.023961669 0.023411887 0.023796355 0.022892133 0.023263493 0.023031209 0.022089821 0.023445837 0.023395946 0.022988078 0.022399149 0.022578852 0.023378153 0.023870399 0.023774053 0.023668703 0.023468930 0.022700501 0.023007825 0.022664166 0.023613485 0.022893329 0.023037241 0.042447164 
ERR14108406 0.004693584 0.006840990 0.004605921 0.006730349 0.005870154 0.005973349 0.003981613 0.003327537 0.003727179 0.006037150 0.004648057 0.007137858 0.004279978 0.005286101 0.002668715 0.004485678 0.004435711 0.004119804 0.002906594 0.001590858 0.003253917 0.002256758 0.003726916 0.003228280 0.000000000 0.001385103 0.001254826 0.003742125 0.003415432 0.005057954 0.003259479 0.003281638 0.003042733 0.003676685 0.003696563 0.005004567 0.003899905 0.004346175 0.003094291 0.004109831 0.002625114 0.037813507 0.020989761 0.020486248 0.020161056 0.020216282 0.020751860 0.019300675 0.019664851 0.020929397 0.020614293 0.020876847 0.020420748 0.020140655 0.020047793 0.021652256 0.021981777 0.004080009 0.002995744 0.004501618 0.003398396 0.016505137 0.020109820 0.022098762 0.037751904 0.020867836 0.020411619 0.020510982 0.019731884 0.020207982 0.019068370 0.018950705 0.020348078 0.019479703 0.019343890 0.018763028 0.019157001 0.019996184 0.019995002 0.020472851 0.020242483 0.019873708 0.020007399 0.019935817 0.019398222 0.019590379 0.019331776 0.019442431 0.036281485 
ERR14108407 0.005931502 0.006007641 0.004917098 0.006336422 0.006553466 0.006079758 0.005296470 0.004395233 0.005265972 0.006175357 0.005144318 0.006046161 0.004594173 0.005790646 0.003887723 0.003791000 0.004391073 0.003461188 0.002108970 0.001673484 0.004665137 0.002294851 0.002434016 0.004469709 0.001385103 0.000000000 0.000945424 0.004751670 0.004262903 0.002998122 0.004304407 0.003852312 0.004497890 0.004535159 0.004412489 0.004547585 0.004595550 0.004339737 0.004233466 0.004741673 0.002932586 0.040714691 0.022034536 0.021730821 0.021362386 0.021095893 0.021524965 0.020275661 0.021683497 0.021521974 0.021330278 0.021954312 0.021440941 0.021388311 0.021719409 0.022237460 0.023076582 0.004233749 0.001968389 0.004424373 0.002973138 0.018611529 0.021784380 0.023766812 0.042935123 0.021692500 0.021150158 0.021388939 0.020937342 0.021118590 0.020809060 0.019842579 0.021252216 0.021089193 0.020678086 0.020238900 0.020280850 0.021137431 0.021532103 0.021377248 0.021328978 0.021104356 0.020388103 0.021122163 0.020347180 0.021155143 0.020964916 0.020512663 0.040613008 
ERR14108408 0.006474463 0.005887914 0.004768644 0.005683922 0.006160638 0.006013132 0.005035396 0.004230296 0.005086776 0.005784896 0.005380030 0.007073648 0.004560017 0.006315544 0.003879230 0.004339845 0.004574730 0.004015120 0.002040282 0.001890304 0.004294385 0.002691816 0.003356845 0.004782356 0.001254826 0.000945424 0.000000000 0.004759049 0.004651701 0.003500837 0.004426752 0.004115168 0.004535042 0.004534897 0.004243729 0.004884462 0.004556977 0.004492831 0.004321374 0.004902422 0.003064163 0.040047870 0.021963330 0.021507686 0.021342988 0.020583116 0.021414295 0.019856752 0.021333666 0.021599992 0.021438194 0.021946751 0.021591041 0.021391160 0.021552030 0.022091014 0.023021381 0.004610954 0.003535360 0.004579373 0.003265335 0.018554956 0.021597402 0.023718935 0.042361596 0.021605811 0.021102906 0.021198511 0.020670223 0.020935011 0.020427799 0.019735382 0.021085143 0.020919762 0.020401709 0.020043049 0.020283105 0.020894640 0.021332595 0.021393637 0.021465533 0.021000721 0.020271902 0.020790640 0.020327817 0.021017608 0.020343571 0.020423813 0.039946884 
ERR14108409 0.003195448 0.003022048 0.002475487 0.002988212 0.003292987 0.003566116 0.002528693 0.002224592 0.002379754 0.003080327 0.002691074 0.004140722 0.001985823 0.003411699 0.004200763 0.004640936 0.005276817 0.004762688 0.005312384 0.004956386 0.004356282 0.004497114 0.004957338 0.004876713 0.003742125 0.004751670 0.004759049 0.000000000 0.001231514 0.004937635 0.004340856 0.004010607 0.005094397 0.005270216 0.004647805 0.005046395 0.004912130 0.004984944 0.004530093 0.004945181 0.005455224 0.040147350 0.023142479 0.022577088 0.022154769 0.021518782 0.022106701 0.020673099 0.022289955 0.022591411 0.022197596 0.022593857 0.022177875 0.021975557 0.022836666 0.023325210 0.023852628 0.001957876 0.003814038 0.005280136 0.005588676 0.018828712 0.022570423 0.024690870 0.043425465 0.022540722 0.022000144 0.022117583 0.021683477 0.021684336 0.021635289 0.020397017 0.021864159 0.021875077 0.021261466 0.020896863 0.021172301 0.021738575 0.022310219 0.022014580 0.022146315 0.021902299 0.021117199 0.021786956 0.021075472 0.022073866 0.021100411 0.021342551 0.040503521 
ERR14108410 0.002701676 0.002795872 0.002230391 0.003796073 0.003650383 0.003064076 0.002510729 0.002308992 0.002212530 0.003373548 0.002418683 0.004336281 0.001880176 0.002796348 0.004102635 0.004421983 0.004618418 0.003639921 0.005469169 0.004387894 0.004475003 0.004115221 0.005169680 0.004177855 0.003415432 0.004262903 0.004651701 0.001231514 0.000000000 0.005279754 0.003910260 0.003511986 0.004451456 0.005014896 0.004285306 0.004922563 0.004339964 0.005054272 0.003776907 0.004899146 0.005502560 0.040553114 0.022820645 0.022352033 0.021902338 0.021363032 0.021993403 0.020600347 0.021822355 0.022556715 0.022402073 0.022664475 0.022247238 0.022011276 0.022547423 0.023131885 0.023466002 0.001658544 0.003762133 0.005196241 0.005132294 0.018664798 0.022194021 0.024225888 0.043361237 0.022455839 0.021780196 0.021765527 0.021577327 0.021471636 0.021548494 0.020589117 0.021962649 0.021958052 0.020956389 0.020629374 0.021303235 0.021570160 0.022244157 0.021669440 0.022188353 0.021827839 0.020916238 0.021583034 0.020989794 0.021872495 0.021029131 0.021212927 0.040184343 
ERR14108411 0.005913502 0.005666636 0.005666084 0.005650518 0.005623635 0.005274072 0.006089739 0.004708600 0.006241677 0.005451671 0.005098312 0.005526889 0.005076373 0.005662414 0.003728917 0.003551276 0.003958213 0.003980559 0.003641430 0.003538409 0.005886641 0.003061613 0.002997882 0.005265021 0.005057954 0.002998122 0.003500837 0.004937635 0.005279754 0.000000000 0.003899022 0.003958250 0.004708582 0.004632760 0.005403493 0.003967817 0.004613270 0.003993159 0.005230898 0.005290323 0.003735041 0.039224654 0.021484959 0.020830548 0.020721250 0.020172248 0.020850308 0.019549631 0.020841254 0.021162549 0.020878194 0.021345774 0.021063212 0.020824974 0.021318172 0.021759559 0.022589138 0.004504221 0.002458676 0.004010694 0.003887179 0.017880085 0.021050404 0.023494338 0.042551663 0.021073486 0.020478200 0.020478152 0.020092083 0.020240257 0.020110820 0.019145660 0.020559196 0.020141077 0.019951691 0.019598519 0.019831145 0.020427379 0.020964019 0.020714055 0.020623215 0.020635537 0.019832346 0.020347187 0.019786498 0.020690585 0.019978125 0.020064111 0.039430768 
ERR14108412 0.005063116 0.003794870 0.003573091 0.004449718 0.004838737 0.004300208 0.004171159 0.003003738 0.003592660 0.005231164 0.004844926 0.005421550 0.004125332 0.005044322 0.002972379 0.003491422 0.003483418 0.003231582 0.004607063 0.003882224 0.004738972 0.004115675 0.003998511 0.005476629 0.003259479 0.004304407 0.004426752 0.004340856 0.003910260 0.003899022 0.000000000 0.003272835 0.003432781 0.003593048 0.004088530 0.003363770 0.003221545 0.004035501 0.004953409 0.005617444 0.005110429 0.039936828 0.021512899 0.021220262 0.021045172 0.020364013 0.020950291 0.019694577 0.021153871 0.021217858 0.021056144 0.021307947 0.021108498 0.021020848 0.021472452 0.021782323 0.022470898 0.003786961 0.004843413 0.003415969 0.005122036 0.018367323 0.021166955 0.023316910 0.042204996 0.021204133 0.020528045 0.020665066 0.020198169 0.020124889 0.020251703 0.019054242 0.020485557 0.020379887 0.019941152 0.019578218 0.019787409 0.020425292 0.020919902 0.020798628 0.020555659 0.020618395 0.019984221 0.020281859 0.019878514 0.020799792 0.019860582 0.019847919 0.039703817 
ERR14108413 0.004304523 0.003458913 0.003280303 0.003953438 0.004441144 0.004434883 0.003794482 0.003683969 0.003333188 0.004720134 0.004545757 0.005524987 0.004076354 0.004965928 0.001838188 0.001823704 0.001893357 0.001821462 0.004669683 0.004096034 0.005136825 0.004039856 0.004215323 0.005170698 0.003281638 0.003852312 0.004115168 0.004010607 0.003511986 0.003958250 0.003272835 0.000000000 0.001372790 0.001860652 0.001192304 0.001207587 0.001225956 0.004465513 0.005007448 0.005591495 0.004960359 0.039378127 0.021322251 0.021079567 0.020742563 0.020142316 0.020646036 0.019363595 0.020718980 0.021179224 0.021051327 0.021330507 0.020918458 0.020793349 0.021097509 0.021798857 0.022093237 0.003573396 0.001945293 0.001348494 0.004932584 0.018138355 0.020847671 0.022806791 0.042306335 0.021187779 0.020503881 0.020499231 0.020067161 0.020115866 0.020471315 0.019141070 0.020366138 0.020255343 0.019631968 0.019512258 0.020054299 0.020180858 0.020922152 0.020694251 0.020593194 0.020357013 0.019770709 0.020354176 0.020044110 0.020668751 0.019525598 0.019842485 0.039518415 
ERR14108414 0.006234047 0.005219690 0.004702518 0.005551969 0.006416027 0.005964140 0.004942290 0.004066399 0.004446871 0.006406379 0.005737194 0.006879284 0.005081602 0.006445708 0.001874881 0.002220521 0.001907517 0.002339427 0.005204585 0.004559424 0.005412463 0.004418847 0.004701961 0.005980488 0.003042733 0.004497890 0.004535042 0.005094397 0.004451456 0.004708582 0.003432781 0.001372790 0.000000000 0.001434513 0.001480213 0.001746051 0.001243850 0.004809829 0.005482853 0.006396962 0.005607275 0.040815640 0.022503263 0.022226811 0.021646727 0.021032105 0.021702301 0.020491653 0.021746450 0.022191017 0.022057907 0.022365407 0.021852994 0.021812015 0.022272221 0.022805659 0.023218675 0.004675683 0.002897838 0.001006525 0.005550437 0.018850589 0.022140272 0.024430922 0.043474208 0.022437315 0.021576413 0.021631224 0.021207347 0.021163582 0.021068482 0.020449523 0.021617992 0.021387026 0.020709329 0.020702815 0.020855246 0.021480566 0.021774435 0.021875980 0.021561257 0.021463757 0.020792890 0.021016796 0.020912261 0.021742787 0.020762064 0.020995451 0.040646297 
ERR14108415 0.006769048 0.006648622 0.005458717 0.006042384 0.006002781 0.005794402 0.005297362 0.004972464 0.005988161 0.005752352 0.005968905 0.007190980 0.005159628 0.006746824 0.002242148 0.002461891 0.002302120 0.002631659 0.005077069 0.005061009 0.005666542 0.004786010 0.005103495 0.006314623 0.003676685 0.004535159 0.004534897 0.005270216 0.005014896 0.004632760 0.003593048 0.001860652 0.001434513 0.000000000 0.001917290 0.002097994 0.001823248 0.005432847 0.005875871 0.006445072 0.005301595 0.039450297 0.021475386 0.020954107 0.020975625 0.019990011 0.020481300 0.019161458 0.020650702 0.021316848 0.021021311 0.021584765 0.021088797 0.020883482 0.021217755 0.021829936 0.022296282 0.005197915 0.003630156 0.001461148 0.005530486 0.018397128 0.020617038 0.023208377 0.042154425 0.021520692 0.020432572 0.020540153 0.020389519 0.020233292 0.020432255 0.019439867 0.020370014 0.020485512 0.019835671 0.019742700 0.020240152 0.020103572 0.021055482 0.020710099 0.020436816 0.020472539 0.020149346 0.020495215 0.020370706 0.020871017 0.019590458 0.019728984 0.039215732 
ERR14108416 0.005835424 0.005879138 0.004981239 0.006509887 0.006673649 0.007636450 0.004784129 0.004596320 0.004785504 0.006372511 0.005571422 0.008063068 0.004709390 0.006809829 0.001784132 0.002532299 0.002361050 0.002585394 0.004936989 0.004549351 0.004905955 0.004505653 0.005795578 0.005839105 0.003696563 0.004412489 0.004243729 0.004647805 0.004285306 0.005403493 0.004088530 0.001192304 0.001480213 0.001917290 0.000000000 0.001811128 0.001397775 0.005260411 0.005326022 0.005618033 0.005546579 0.037862287 0.021145097 0.020891978 0.020480289 0.020287256 0.020487418 0.019111474 0.020182015 0.020683049 0.020522858 0.021009476 0.020536498 0.020502041 0.020625258 0.021238371 0.021932664 0.004292405 0.004805143 0.001282963 0.005749817 0.017309761 0.020330098 0.022726023 0.040060046 0.021136965 0.019965042 0.020262131 0.020175462 0.020212462 0.020220718 0.019226340 0.020087339 0.020249133 0.019787045 0.019449783 0.019754980 0.019703945 0.020664953 0.020522102 0.020256295 0.020129006 0.019687816 0.020289002 0.020136549 0.020387271 0.019406332 0.019440071 0.037736985 
ERR14108417 0.005136424 0.004888323 0.004928444 0.004682323 0.004903296 0.004770788 0.005113235 0.004104104 0.005149816 0.004584020 0.005104710 0.005303193 0.005381945 0.005590631 0.001748184 0.001812885 0.001960924 0.002628447 0.005192074 0.004641753 0.006016009 0.004547314 0.004079634 0.006037365 0.005004567 0.004547585 0.004884462 0.005046395 0.004922563 0.003967817 0.003363770 0.001207587 0.001746051 0.002097994 0.001811128 0.000000000 0.001508256 0.004569306 0.006008889 0.005796904 0.005174940 0.039524466 0.021348877 0.021036299 0.020620530 0.020039719 0.020507317 0.019460379 0.020653952 0.021085430 0.021031400 0.021240834 0.020825644 0.020704784 0.020930190 0.021704255 0.022472332 0.004833543 0.002387286 0.001323677 0.005454124 0.017650426 0.020684909 0.023090477 0.041759263 0.021370615 0.020413184 0.020595812 0.020022158 0.020016266 0.020245063 0.019405373 0.020474996 0.020346405 0.019455195 0.019724954 0.019794022 0.020237353 0.020829342 0.020552829 0.020611855 0.020532040 0.019737818 0.020197253 0.019750005 0.020488865 0.019753478 0.019761489 0.039543111 
ERR14108418 0.005648466 0.004392855 0.004094538 0.005853885 0.006123084 0.005807677 0.004816832 0.003892174 0.003852967 0.006168979 0.005677711 0.006963522 0.005080266 0.006111183 0.001574690 0.002234203 0.001977920 0.002179349 0.005088668 0.004239371 0.005391545 0.004500446 0.004937161 0.005715202 0.003899905 0.004595550 0.004556977 0.004912130 0.004339964 0.004613270 0.003221545 0.001225956 0.001243850 0.001823248 0.001397775 0.001508256 0.000000000 0.004234409 0.005192877 0.006107204 0.005735470 0.039748028 0.022006377 0.021668028 0.021448842 0.020548775 0.021164814 0.020213935 0.021185999 0.021815811 0.021539500 0.021783957 0.021493999 0.021314622 0.021677994 0.022158108 0.022851899 0.003892747 0.004134394 0.001366664 0.005395241 0.018474713 0.021394612 0.023759471 0.041958449 0.021934055 0.020930513 0.021066985 0.020477907 0.020864332 0.020850632 0.019856986 0.020923973 0.020986353 0.020406468 0.020141182 0.020404251 0.020731456 0.021454814 0.021270242 0.021195431 0.021106185 0.020253360 0.020897416 0.020407784 0.021277583 0.020047778 0.020614682 0.039525902 
